100
4
10 5 15 5
2
100 100
8
81 81 81 81 81 81 81 0
6
23 90 40 0 100 9
2
0 0
10
100 0 100 0 100 0 100 0 100 0
10
100 100 100 100 100 100 100 100 100 0
5
43 86 21 57 11
6
89 95 11 51 68 99
7
76 79 8 94 97 1 32
8
3 47 84 86 44 33 31 96
9
29 27 62 22 81 78 89 24 33
10
84 53 20 10 31 95 10 5 97 0
10
50 75 30 8 26 11 26 79 31 72
10
10 9 26 25 54 65 27 96 3 68
10
81 58 11 71 78 50 41 57 80 98
10
46 46 82 8 29 56 13 62 47 66
10
6 13 91 36 99 92 25 19 90 1
10
62 6 44 13 40 85 7 44 20 50
10
9 81 69 22 93 39 36 77 64 10
10
46 43 11 14 82 43 55 17 75 30
10
1 78 56 88 13 96 87 85 3 56
10
13 6 28 14 12 10 44 59 2 50
10
67 55 1 14 33 58 19 12 59 13
10
18 87 56 28 66 93 94 33 80 18
10
98 37 55 67 78 60 74 99 9 26
10
63 40 27 60 70 69 14 26 21 49
10
21 73 7 21 29 20 27 58 5 17
10
91 52 37 10 79 21 59 15 45 52
10
35 99 34 53 4 15 59 37 30 66
10
18 32 89 11 84 39 56 83 49 91
10
92 18 50 31 37 1 53 74 23 15
10
15 2 19 5 43 61 92 96 12 46
10
8 0 70 52 20 46 89 75 1 92
10
8 69 6 7 8 81 5 18 19 17
10
93 20 53 90 37 46 47 35 82 39
10
38 77 29 4 2 13 47 45 43 40
10
84 20 40 76 28 74 35 58 27 46
10
81 84 43 92 26 43 89 98 56 43
10
54 43 2 56 15 32 83 45 26 89
10
30 94 61 17 16 10 76 74 58 15
10
6 79 90 92 66 18 11 5 78 63
10
48 4 65 18 38 46 58 58 18 38
10
2 82 97 13 95 8 62 72 87 57
10
8 43 6 33 56 54 29 69 98 13
10
41 84 21 39 71 3 59 25 10 67
10
94 88 3 82 17 68 22 27 82 75
10
32 76 78 27 66 69 3 92 0 81
10
63 90 63 57 25 22 50 13 63 95
10
89 93 56 94 6 28 77 50 81 57
10
76 22 20 92 40 73 14 34 11 41
10
80 99 67 17 86 11 86 98 49 1
10
99 90 23 74 50 7 85 93 99 45
10
66 91 57 74 90 62 4 50 4 58
10
79 96 54 40 22 54 95 62 50 55
10
30 1 14 66 36 22 73 55 56 88
10
56 69 69 92 6 7 86 1 19 5
10
29 24 13 73 95 11 96 45 65 16
10
4 62 30 95 27 58 84 79 54 16
10
96 4 87 85 56 64 21 33 88 9
10
23 7 76 80 17 89 30 57 32 39
10
39 65 54 15 33 3 55 96 54 38
10
84 32 53 65 84 28 15 88 98 25
10
44 69 59 35 90 15 20 66 82 66
10
42 36 54 84 0 86 47 24 22 96
10
97 65 85 30 65 78 51 83 55 17
10
35 30 89 44 12 12 30 18 44 37
10
69 25 12 5 49 87 28 93 52 54
10
82 43 53 74 28 30 71 21 5 78
10
40 47 59 35 77 23 29 79 93 22
10
61 86 38 31 13 6 8 93 10 46
10
28 86 93 94 88 92 17 4 83 9
10
31 20 95 72 26 98 25 56 56 31
10
36 94 14 5 94 1 34 68 96 5
10
35 60 86 58 56 62 99 29 30 81
10
69 7 98 90 38 19 77 59 81 62
10
37 41 46 82 51 89 93 53 75 12
10
59 11 14 90 36 19 58 46 87 58
10
23 10 33 57 70 57 18 0 69 82
10
64 42 87 7 34 95 25 60 88 55
10
15 45 37 54 21 22 37 37 58 15
10
64 86 53 34 14 29 71 24 85 51
10
50 16 52 70 87 18 23 50 81 2
10
69 68 50 52 29 23 94 74 15 39
10
15 5 15 0 89 73 38 13 51 5
10
73 31 10 98 95 63 66 77 47 39
10
46 85 77 22 55 49 11 19 57 1
10
46 58 78 37 85 49 29 90 15 38
10
31 62 12 67 23 59 84 76 8 93
10
7 85 11 43 99 50 69 19 28 2
10
42 55 40 56 6 89 53 60 47 9
10
78 18 5 51 19 56 27 93 4 49
10
55 11 98 2 91 61 98 80 80 71
10
89 50 79 28 27 53 91 72 64 53
10
22 64 35 10 52 13 50 57 56 35
10
0 60 36 87 62 72 44 73 2 77
10
12 43 76 40 83 93 26 16 1 10
10
84 48 35 9 83 81 71 98 79 0
10
69 90 73 16 44 21 92 22 28 60
10
49 10 52 73 19 4 15 80 41 28
