100
2 4
10 5
3 12
7 7 7
3 12
4 2 1
5 1000000000
25 25 25 25 25
2 2
1 1
5 5
1 1 1 1 1
5 448257424
1 2 3 4 5
5 915742169
18 7 21 11 25
5 970573179
21 21 21 21 21
5 144636512
21 21 21 21 21
5 449596196
5 5 5 5 5
5 174705354
24 24 24 24 24
5 162495140
21 21 21 21 21
5 922358891
17 17 17 17 17
5 595583083
12 12 12 12 12
5 800718285
4 4 4 4 4
5 754312749
23 23 23 23 23
5 166896533
21 21 21 21 21
5 914868324
16 16 16 16 16
5 198263565
16 16 16 16 16
5 905435835
11 11 11 11 11
5 374825082
5 5 5 5 5
5 246024295
7 7 7 7 7
5 451652627
3 3 3 3 3
5 378808592
4 4 4 4 4
5 345702848
14 14 14 14 14
5 727149006
6 6 6 6 6
5 416962497
4 4 4 4 4
5 482040113
14 14 14 14 14
5 871414429
23 23 23 23 23
5 251855178
24 24 24 24 24
5 361529289
6 6 6 6 6
5 422215600
18 18 18 18 18
5 407753112
1 2 3 4 5
5 842836823
1 2 3 4 5
5 465363512
1 2 3 4 5
5 563254531
1 2 3 4 5
5 797911353
1 2 3 4 5
5 86017651
1 2 3 4 5
5 434265458
1 2 3 4 5
5 626557985
1 2 3 4 5
5 686733107
1 2 3 4 5
5 319145207
1 2 3 4 5
5 169257924
1 2 3 4 5
5 470555317
1 2 3 4 5
5 476630322
1 2 3 4 5
5 465232914
1 2 3 4 5
5 137387622
1 2 3 4 5
5 974198032
1 2 3 4 5
5 63222975
1 2 3 4 5
5 636553190
1 2 3 4 5
5 614800286
1 2 3 4 5
5 993009726
1 2 3 4 5
5 793150390
1 2 3 4 5
5 302914545
1 2 3 4 5
5 11013605
1 2 3 4 5
5 37681929
1 2 3 4 5
5 599573814
1 2 3 4 5
5 346293225
9 23 15 13 17
5 909826509
20 2 6 22 24
5 984182667
11 20 20 4 25
5 196086660
19 12 18 20 11
5 517846541
6 23 6 13 15
5 809797228
15 2 2 6 25
5 784517595
23 18 7 16 2
5 628574909
13 7 7 22 7
5 589731909
21 7 21 25 3
5 859739013
15 17 10 23 24
5 275884797
15 11 7 21 2
5 398433478
23 12 4 7 8
5 442739002
25 23 24 7 9
5 397179344
15 18 25 8 7
5 667002849
2 1 12 25 12
5 910837821
11 21 6 4 19
5 753273083
11 2 23 20 18
5 269721195
1 23 25 11 21
5 619894244
7 21 18 17 7
5 818167551
3 11 7 16 21
5 740514080
20 10 6 5 2
5 46775288
20 18 14 13 25
5 246988726
22 14 25 25 23
5 903123536
17 2 5 20 20
5 88702243
20 22 3 15 4
5 164366927
5 3 17 25 8
5 582992049
1 5 23 9 19
5 737603992
2 6 22 6 2
5 782309475
1 23 17 12 12
5 26478105
25 3 10 16 7
5 853486753
24 15 6 12 8
5 810252465
21 13 6 18 17
5 254302193
24 21 15 12 17
5 324679543
14 13 19 19 2
5 195151909
20 4 7 7 20
5 155045509
22 15 20 21 15
5 191974563
21 8 4 25 24
5 382662724
24 21 18 3 10
5 361755129
2 6 8 15 11
5 489840852
2 4 19 2 2
5 952625528
8 3 16 13 23
5 124204211
12 23 2 22 15
