100
2 4
10 5
3 12
7 7 7
3 12
4 2 1
5 1000000000
25 25 25 25 25
2 2
1 1
5 5
1 1 1 1 1
5 448257424
1 2 3 4 5
5 915742169
18 7 21 11 25
5 881983744
9 9 9 9 9
5 702211070
20 20 20 20 20
5 479481006
2 2 2 2 2
5 763377067
11 11 11 11 11
5 970234447
18 18 18 18 18
5 986549207
21 21 21 21 21
5 449662667
12 12 12 12 12
5 480610904
15 15 15 15 15
5 913075018
5 5 5 5 5
5 223651705
20 20 20 20 20
5 31433913
22 22 22 22 22
5 700438162
22 22 22 22 22
5 387989216
7 7 7 7 7
5 988248680
23 23 23 23 23
5 740612130
20 20 20 20 20
5 236568465
7 7 7 7 7
5 787730877
7 7 7 7 7
5 438421983
2 2 2 2 2
5 402465966
5 5 5 5 5
5 839385465
24 24 24 24 24
5 563873022
17 17 17 17 17
5 831196674
23 23 23 23 23
5 372820638
2 2 2 2 2
5 105250452
4 4 4 4 4
5 479372764
21 21 21 21 21
5 420200203
1 2 3 4 5
5 110322088
1 2 3 4 5
5 742527468
1 2 3 4 5
5 240605958
1 2 3 4 5
5 191714340
1 2 3 4 5
5 751385998
1 2 3 4 5
5 621601998
1 2 3 4 5
5 922943673
1 2 3 4 5
5 569314290
1 2 3 4 5
5 525874776
1 2 3 4 5
5 561302062
1 2 3 4 5
5 468963432
1 2 3 4 5
5 723269133
1 2 3 4 5
5 401893343
1 2 3 4 5
5 475589719
1 2 3 4 5
5 699862326
1 2 3 4 5
5 714014919
1 2 3 4 5
5 516458679
1 2 3 4 5
5 48385129
1 2 3 4 5
5 106011669
1 2 3 4 5
5 473332697
1 2 3 4 5
5 226144774
1 2 3 4 5
5 793083217
1 2 3 4 5
5 970225510
1 2 3 4 5
5 922253295
1 2 3 4 5
5 732228941
20 17 18 15 1
5 687841926
1 25 21 13 21
5 490549873
23 3 3 7 20
5 501853816
12 15 12 17 25
5 556416072
21 17 13 2 15
5 240778422
19 24 1 2 5
5 909629135
15 8 23 25 2
5 805435616
21 2 6 11 6
5 920062557
1 14 16 4 2
5 36233915
8 17 4 17 14
5 682088374
1 8 20 12 16
5 821635965
14 4 2 23 4
5 464316459
17 22 15 19 22
5 98092634
13 3 11 23 7
5 449645290
18 6 3 18 13
5 796043935
22 5 22 8 18
5 382947439
23 7 15 11 18
5 461508632
21 22 4 22 17
5 442385496
22 18 6 11 5
5 663856500
22 9 5 16 19
5 703088529
19 15 1 7 10
5 22914077
25 6 13 19 23
5 730241811
24 12 20 1 19
5 915448231
4 17 7 20 18
5 796505121
24 21 8 13 19
5 353006312
2 4 2 20 7
5 706246079
6 23 6 9 1
5 179207967
20 11 5 22 7
5 765278894
18 12 20 2 16
5 788852059
23 19 11 22 18
5 666239135
25 18 3 12 12
5 717268431
22 10 20 16 5
5 108079997
20 2 19 6 4
5 419709730
25 9 16 2 25
5 999484979
17 12 3 13 17
5 42570234
24 15 10 3 7
5 876698481
11 7 23 8 17
5 883241778
21 20 15 8 23
5 360975370
5 1 13 3 6
5 637294867
15 18 17 6 7
5 695673613
15 3 2 22 3
5 606372077
22 8 21 1 7
