100
2 4
10 5
3 12
7 7 7
3 12
4 2 1
5 1000000000
25 25 25 25 25
2 2
1 1
5 5
1 1 1 1 1
5 448257424
1 2 3 4 5
5 915742169
18 7 21 11 25
5 531090347
12 12 12 12 12
5 972143294
14 14 14 14 14
5 707080062
4 4 4 4 4
5 60511155
8 8 8 8 8
5 598419148
4 4 4 4 4
5 32887039
22 22 22 22 22
5 674982721
2 2 2 2 2
5 832111747
24 24 24 24 24
5 159321748
16 16 16 16 16
5 942476130
10 10 10 10 10
5 206865795
24 24 24 24 24
5 448868797
16 16 16 16 16
5 280659257
3 3 3 3 3
5 224556406
3 3 3 3 3
5 740870938
17 17 17 17 17
5 337763975
22 22 22 22 22
5 698975139
18 18 18 18 18
5 442213140
5 5 5 5 5
5 247414888
13 13 13 13 13
5 695325378
20 20 20 20 20
5 299375825
10 10 10 10 10
5 65719370
13 13 13 13 13
5 645194265
18 18 18 18 18
5 903623530
14 14 14 14 14
5 317345785
25 25 25 25 25
5 880857822
1 2 3 4 5
5 289631679
1 2 3 4 5
5 470800726
1 2 3 4 5
5 686304547
1 2 3 4 5
5 805155887
1 2 3 4 5
5 326896665
1 2 3 4 5
5 426857867
1 2 3 4 5
5 890558887
1 2 3 4 5
5 782587980
1 2 3 4 5
5 477013005
1 2 3 4 5
5 843194996
1 2 3 4 5
5 317548748
1 2 3 4 5
5 66796864
1 2 3 4 5
5 965093172
1 2 3 4 5
5 973314504
1 2 3 4 5
5 725426715
1 2 3 4 5
5 586285082
1 2 3 4 5
5 100073041
1 2 3 4 5
5 358337051
1 2 3 4 5
5 19550975
1 2 3 4 5
5 944007900
1 2 3 4 5
5 253900351
1 2 3 4 5
5 445932808
1 2 3 4 5
5 380387824
1 2 3 4 5
5 391033932
1 2 3 4 5
5 642748648
21 5 12 12 7
5 671263051
9 1 8 20 21
5 99812036
16 15 13 3 5
5 701028852
6 18 3 19 4
5 34338810
21 20 12 13 24
5 202168112
7 6 21 18 4
5 670257835
17 10 8 4 16
5 790049440
10 2 9 24 13
5 442081462
19 13 3 21 25
5 234795187
9 18 14 25 14
5 660308695
20 15 1 18 25
5 250823990
9 24 23 13 16
5 492182630
20 1 22 18 7
5 793384989
11 16 2 11 17
5 267418487
1 21 1 22 8
5 614968288
16 5 22 1 11
5 336154437
25 3 6 24 16
5 582396652
18 21 2 9 12
5 10608509
12 15 21 22 3
5 165402064
25 12 22 23 18
5 740730302
18 22 9 18 22
5 391981230
11 17 22 6 10
5 760975470
1 11 5 24 17
5 985952859
24 3 19 20 19
5 869842939
15 20 17 10 10
5 434244117
1 20 19 1 10
5 875447698
1 5 24 9 11
5 438807715
7 8 21 3 10
5 205445746
23 11 20 17 22
5 874873618
25 15 21 4 7
5 25719263
10 9 3 25 25
5 772657804
10 23 4 19 19
5 451529910
22 25 24 4 16
5 223467850
5 7 25 8 14
5 832960403
7 24 9 7 9
5 985213653
1 18 5 2 21
5 481111412
7 12 14 3 23
5 850898684
10 7 9 24 9
5 316121767
5 9 17 3 13
5 981801321
11 23 8 15 5
5 6788922
6 21 15 7 17
5 828783549
19 6 3 21 14
